lat_north = 25.07733
lat_south = 25.07527
lon_east = 121.547805
lon_west = 121.543905
datum_lat = 25.07630
datum_lon = 121.545855
