lat_north = 25.076688
lat_south = 25.075655
lon_east = 121.5456
lon_west = 121.54333
datum_lat = 25.0761715
datum_lon = 121.544465

