MOOSTimeWarp = $(WARP)
LatOrigin  = 25.075953
LongOrigin = 121.544765

