MOOSTimeWarp = $(WARP)
LatOrigin  = 25.0761715
LongOrigin = 121.544465

